Accuracy: 0.8212290502793296
Precision: 0.8181818181818182
Recall: 0.7297297297297297
F1 Score: 0.7714285714285715
